000000000000010011000000
000000000001101001110111
000000000100000000000010
000000000101100000010000
000000000100100111010111
000000000010000010011011
111111111111101011001010
111111111110101101000111
111111111111000001000100
111111111111110010110110
000000000000010101000010
000000000000011001100111
000000000000001011110010
111111111111111101000000
111111111111110111000010
111111111111111001011110
111111111111111110110011
000000000000000010010011
000000000000000010101000
000000000000000001000100
111111111111111111011111
111111111111111110111010
111111111111111111001111
111111111111111111110110
000000000000000000001110
000000000000000000001110
000000000000000000000001
111111111111111111110101
111111111111111111110000
111111111111111111110010
111111111111111111110111
111111111111111111111010
111111111111111111111011
111111111111111111111011
111111111111111111111011
111111111111111111111011
111111111111111111111011
111111111111111111111011
111111111111111111111011
111111111111111111111011
111111111111111111111011
111111111111111111111011
111111111111111111111011
111111111111111111111011
111111111111111111111011
111111111111111111111011
111111111111111111111011
111111111111111111111011
111111111111111111111011
111111111111111111111011
111111111111111111111011
111111111111111111111011
